ESECUZIONE RQ4_1

		post_id    profile_id
0       BXdjjUlgcgq  2.237948e+09
89267   BeyPed5hKj9  2.237948e+09
140562  Bunhd1DFVAG  2.237948e+09
140695  Bppi85gliQK  2.237948e+09
118366  BuDfIyslzfw  2.237948e+09
235899  BxJsMDpA2yH  2.237948e+09
235905  Bt5LFpZlm3z  2.237948e+09
235906  BxZIzaQhS-o  2.237948e+09
235907  BxRZvS0gPIA  2.237948e+09
236007  BwygkNCAShv  2.237948e+09
236008  Bwm7hEKHBzs  2.237948e+09
236009  BwYuE0cghyB  2.237948e+09
236010  BwGuhAoFSWj  2.237948e+09
236017  BwBj2vhFuGH  2.237948e+09
236018  Bw_XgfXA9YT  2.237948e+09
224422  Bw3nuV6ACyY  2.237948e+09
104529  BwJS1H9lfiJ  2.237948e+09
91855   Bf6avRfheG1  2.237948e+09
70949   BxMRhd2Ajgm  2.237948e+09
228211  Be93_r7Bnhq  2.237948e+09
228212  BtNaOjolj_n  2.237948e+09
228213  BkMhROUhNbu  2.237948e+09
228214  BeOMICahv0d  2.237948e+09
228215  BeUrXsoB0ou  2.237948e+09
228217  BvLnQ5QFHAs  2.237948e+09
228218  BrZjxHllTd9  2.237948e+09
228219  BeCp_INhyoh  2.237948e+09
228233  BqjeI31lw-y  2.237948e+09
228246  BoQpcWQB-gC  2.237948e+09
228247  Bn1k1odAXa5  2.237948e+09
228248  BmaTjjpBTG9  2.237948e+09
228249  BmNSg2ih5ex  2.237948e+09
228250  BkjvPM1Bpxa  2.237948e+09
228251  Bg22N6AhebK  2.237948e+09
228252  BgS2rd4BozM  2.237948e+09
228253  Bc6jrZIHttD  2.237948e+09
228254  BgDZmg1D0If  2.237948e+09
228255  Bf-QTObhSmW  2.237948e+09


ESECUZIONE RQ4_2

profile_id   n_posts         
199664772   183730.0
8563366588  142428.0
1273455368  126340.0
9813508     125220.0
1607309412  117262.0
1087613619  117099.0
1603889832  113780.0
218172998   113182.0
285549744   112777.0
8312603412  112723.0
1701679225  112260.0
585079468   110919.0
5571601     108785.0
187572009   107427.0
5656104138  102833.0
1703992184  100485.0
1607296090   98697.0
1462132611   96497.0
1200617083   92319.0
1375071408   91372.0